%YAML:1.0

#camera config:
Camera.fx: 458.654
Camera.fy: 457.296
Camera.cx: 367.215
Camera.cy: 248.375

Camera.k1: -0.28340811
Camera.k2: 0.07395907
Camera.p1: 0.00019359
Camera.p2: 1.76187114e-05
rate_hz: 20


# imu cofig:
# inertial sensor noise model parameters (static)
gyroscope_noise_density: 1.6968e-04     # [ rad / s / sqrt(Hz) ]   ( gyro "white noise" )
gyroscope_random_walk: 1.9393e-05       # [ rad / s^2 / sqrt(Hz) ] ( gyro bias diffusion )
accelerometer_noise_density: 2.0000e-3  # [ m / s^2 / sqrt(Hz) ]   ( accel "white noise" )
accelerometer_random_walk: 3.0000e-3    # [ m / s^3 / sqrt(Hz) ].  ( accel bias diffusion )

T_imu_cam: [0.0148655429818, -0.999880929698, 0.00414029679422, -0.0216401454975,
            0.999557249008, 0.0149672133247, 0.025715529948, -0.064676986768,
            -0.0257744366974, 0.00375618835797, 0.999660727178, 0.00981073058949,
            0.0, 0.0, 0.0, 1.0]

T_imu_body: [1.0000, 0.0000, 0.0000, 0.0000,
             0.0000, 1.0000, 0.0000, 0.0000,
             0.0000, 0.0000, 1.0000, 0.0000,
             0.0000, 0.0000, 0.0000, 1.0000]